%YAML:1.0
coords:
   - { rows:500, cols:500 }
   - { i:64, j:64 }
   - { i:64, j:65 }
   - { i:64, j:66 }
   - { i:64, j:67 }
   - { i:64, j:68 }
   - { i:64, j:69 }
   - { i:64, j:70 }
   - { i:64, j:71 }
   - { i:64, j:72 }
   - { i:64, j:73 }
   - { i:64, j:74 }
   - { i:64, j:75 }
   - { i:64, j:76 }
   - { i:64, j:77 }
   - { i:64, j:78 }
   - { i:64, j:79 }
   - { i:64, j:80 }
   - { i:64, j:81 }
   - { i:64, j:82 }
   - { i:64, j:83 }
   - { i:64, j:84 }
   - { i:64, j:85 }
   - { i:64, j:86 }
   - { i:64, j:87 }
   - { i:64, j:88 }
   - { i:64, j:89 }
   - { i:64, j:90 }
   - { i:64, j:91 }
   - { i:64, j:92 }
   - { i:64, j:93 }
   - { i:64, j:94 }
   - { i:64, j:95 }
   - { i:64, j:96 }
   - { i:64, j:97 }
   - { i:64, j:98 }
   - { i:64, j:99 }
   - { i:64, j:100 }
   - { i:64, j:101 }
   - { i:64, j:102 }
   - { i:64, j:103 }
   - { i:64, j:104 }
   - { i:64, j:105 }
   - { i:64, j:106 }
   - { i:64, j:107 }
   - { i:64, j:108 }
   - { i:64, j:109 }
   - { i:64, j:110 }
   - { i:64, j:111 }
   - { i:64, j:112 }
   - { i:64, j:113 }
   - { i:64, j:114 }
   - { i:64, j:115 }
   - { i:64, j:116 }
   - { i:64, j:117 }
   - { i:64, j:118 }
   - { i:64, j:119 }
   - { i:64, j:120 }
   - { i:64, j:121 }
   - { i:64, j:122 }
   - { i:64, j:123 }
   - { i:64, j:124 }
   - { i:64, j:125 }
   - { i:64, j:126 }
   - { i:64, j:127 }
   - { i:64, j:128 }
   - { i:64, j:129 }
   - { i:64, j:130 }
   - { i:64, j:131 }
   - { i:64, j:132 }
   - { i:64, j:133 }
   - { i:64, j:134 }
   - { i:64, j:135 }
   - { i:64, j:136 }
   - { i:64, j:137 }
   - { i:64, j:138 }
   - { i:64, j:139 }
   - { i:64, j:140 }
   - { i:64, j:141 }
   - { i:64, j:142 }
   - { i:64, j:143 }
   - { i:64, j:144 }
   - { i:64, j:145 }
   - { i:64, j:146 }
   - { i:64, j:147 }
   - { i:64, j:148 }
   - { i:64, j:149 }
   - { i:64, j:150 }
   - { i:64, j:151 }
   - { i:64, j:152 }
   - { i:64, j:153 }
   - { i:64, j:154 }
   - { i:64, j:155 }
   - { i:64, j:156 }
   - { i:64, j:157 }
   - { i:64, j:158 }
   - { i:64, j:159 }
   - { i:64, j:160 }
   - { i:64, j:161 }
   - { i:64, j:162 }
   - { i:64, j:163 }
   - { i:64, j:164 }
   - { i:64, j:165 }
   - { i:64, j:166 }
   - { i:64, j:167 }
   - { i:64, j:168 }
   - { i:64, j:169 }
   - { i:64, j:170 }
   - { i:64, j:171 }
   - { i:64, j:172 }
   - { i:64, j:173 }
   - { i:64, j:174 }
   - { i:64, j:175 }
   - { i:64, j:176 }
   - { i:64, j:177 }
   - { i:64, j:178 }
   - { i:64, j:179 }
   - { i:64, j:180 }
   - { i:64, j:181 }
   - { i:64, j:182 }
   - { i:64, j:183 }
   - { i:64, j:184 }
   - { i:64, j:185 }
   - { i:64, j:186 }
   - { i:64, j:187 }
   - { i:64, j:188 }
   - { i:64, j:189 }
   - { i:64, j:190 }
   - { i:64, j:191 }
   - { i:64, j:192 }
   - { i:64, j:193 }
   - { i:64, j:194 }
   - { i:64, j:195 }
   - { i:64, j:196 }
   - { i:64, j:197 }
   - { i:64, j:198 }
   - { i:64, j:199 }
   - { i:64, j:200 }
   - { i:64, j:201 }
   - { i:64, j:202 }
   - { i:64, j:203 }
   - { i:64, j:204 }
   - { i:64, j:205 }
   - { i:64, j:206 }
   - { i:64, j:207 }
   - { i:64, j:208 }
   - { i:64, j:209 }
   - { i:64, j:210 }
   - { i:64, j:211 }
   - { i:64, j:212 }
   - { i:64, j:213 }
   - { i:64, j:214 }
   - { i:64, j:215 }
   - { i:64, j:216 }
   - { i:64, j:217 }
   - { i:64, j:218 }
   - { i:64, j:219 }
   - { i:64, j:220 }
   - { i:64, j:221 }
   - { i:64, j:222 }
   - { i:64, j:223 }
   - { i:64, j:224 }
   - { i:64, j:225 }
   - { i:64, j:226 }
   - { i:64, j:227 }
   - { i:64, j:228 }
   - { i:64, j:229 }
   - { i:64, j:230 }
   - { i:64, j:231 }
   - { i:64, j:232 }
   - { i:64, j:233 }
   - { i:64, j:234 }
   - { i:64, j:235 }
   - { i:64, j:236 }
   - { i:64, j:237 }
   - { i:64, j:238 }
   - { i:64, j:239 }
   - { i:64, j:240 }
   - { i:64, j:241 }
   - { i:64, j:242 }
   - { i:64, j:243 }
   - { i:64, j:244 }
   - { i:64, j:245 }
   - { i:64, j:246 }
   - { i:64, j:247 }
   - { i:64, j:248 }
   - { i:64, j:249 }
   - { i:64, j:250 }
   - { i:64, j:251 }
   - { i:64, j:252 }
   - { i:64, j:253 }
   - { i:64, j:254 }
   - { i:64, j:255 }
   - { i:64, j:256 }
   - { i:64, j:257 }
   - { i:64,